boundary 0 :
60 50
60 51
60 52
60 53
60 54
60 55
60 56
60 57
60 58
60 59
60 60
60 61
60 62
60 63
60 64
60 65
60 66
60 67
60 68
60 69
60 70
60 71
60 72
60 73
60 74
60 75
60 76
60 77
60 78
60 79
60 80
60 81
60 82
60 83
60 84
60 85
60 86
60 87
60 88
60 89
60 90
60 91
60 92
60 93
60 94
60 95
60 96
60 97
60 98
60 99
60 100
60 101
60 102
60 103
60 104
60 105
60 106
60 107
60 108
60 109
60 110
60 111
60 112
60 113
60 114
60 115
60 116
60 117
60 118
60 119
60 120
61 120
62 120
63 120
64 120
65 120
66 120
67 120
68 120
69 120
70 120
71 120
72 120
73 120
74 120
75 120
76 120
77 120
78 120
79 120
80 120
81 120
82 120
83 120
84 120
85 120
86 120
86 119
86 118
86 117
86 116
86 115
86 114
86 113
86 112
86 111
86 110
86 109
86 108
86 107
86 106
86 105
86 104
86 103
86 102
86 101
86 100
86 99
86 98
86 97
86 96
86 95
86 94
86 93
86 92
86 91
86 90
86 89
86 88
86 87
86 86
86 85
86 84
86 83
86 82
86 81
86 80
86 79
86 78
86 77
86 76
86 75
86 74
86 73
86 72
86 71
86 70
86 69
86 68
86 67
86 66
86 65
86 64
86 63
86 62
86 61
86 60
86 59
86 58
86 57
86 56
86 55
86 54
86 53
86 52
86 51
86 50
86 49
85 49
84 49
83 49
82 49
81 49
80 49
79 49
78 49
77 49
76 49
75 49
74 49
73 49
72 49
71 49
70 49
69 49
68 49
67 49
66 49
65 49
64 49
63 49
62 49
61 49
60 49
boundary 1 :
39 157
39 158
39 159
39 160
39 161
39 162
39 163
39 164
39 165
39 166
39 167
39 168
39 169
39 170
39 171
39 172
39 173
39 174
39 175
39 176
39 177
39 178
39 179
39 180
39 181
39 182
39 183
39 184
39 185
39 186
39 187
39 188
39 189
39 190
39 191
39 192
39 193
39 194
39 195
39 196
39 197
39 198
39 199
39 200
39 201
39 202
39 203
39 204
39 205
39 206
39 207
39 208
39 209
40 209
41 209
42 209
43 209
44 209
45 209
46 209
47 209
48 209
49 209
50 209
51 209
52 209
53 209
54 209
55 209
56 209
57 209
58 209
59 209
60 209
61 209
62 209
63 209
64 209
65 209
66 209
67 209
68 209
69 209
70 209
71 209
72 209
73 209
74 209
75 209
76 209
77 209
78 209
79 209
80 209
81 209
82 209
83 209
84 209
85 209
86 209
87 209
88 209
89 209
90 209
91 209
92 209
93 209
94 209
95 209
96 209
97 209
98 209
99 209
100 209
101 209
102 209
103 209
104 209
105 209
106 209
107 209
108 209
109 209
109 208
109 207
109 206
109 205
109 204
109 203
109 202
109 201
109 200
109 199
109 198
109 197
109 196
109 195
109 194
109 193
109 192
109 191
109 190
109 189
109 188
109 187
109 186
109 185
109 184
109 183
109 182
109 181
109 180
109 179
109 178
109 177
109 176
109 175
109 174
109 173
109 172
109 171
109 170
109 169
109 168
109 167
109 166
109 165
109 164
109 163
109 162
109 161
109 160
109 159
109 158
109 157
109 156
108 156
107 156
106 156
105 156
104 156
103 156
102 156
101 156
100 156
99 156
98 156
97 156
96 156
95 156
94 156
93 156
92 156
91 156
90 156
89 156
88 156
87 156
86 156
85 156
84 156
83 156
82 156
81 156
80 156
79 156
78 156
77 156
76 156
75 156
74 156
73 156
72 156
71 156
70 156
69 156
68 156
67 156
66 156
65 156
64 156
63 156
62 156
61 156
60 156
59 156
58 156
57 156
56 156
55 156
54 156
53 156
52 156
51 156
50 156
49 156
48 156
47 156
46 156
45 156
44 156
43 156
42 156
41 156
40 156
39 156
boundary 2 :
16 14
17 14
18 14
19 14
20 14
21 14
22 14
23 14
24 14
25 14
26 14
27 14
28 14
29 14
30 14
31 14
32 14
33 14
34 14
35 14
36 14
37 14
38 14
39 14
40 14
41 14
42 14
43 14
44 14
45 14
46 14
47 14
48 14
49 14
50 14
51 14
52 14
53 14
54 14
55 14
56 14
57 14
58 14
59 14
60 14
61 14
62 14
63 14
64 14
65 14
66 14
67 14
68 14
69 14
70 14
71 14
72 14
73 14
74 14
75 14
76 14
77 14
78 14
79 14
80 14
81 14
82 14
83 14
84 14
85 14
86 14
87 14
88 14
89 14
90 14
91 14
92 14
93 14
94 14
95 14
96 14
97 14
98 14
99 14
100 14
101 14
102 14
103 14
104 14
105 14
106 14
107 14
108 14
109 14
110 14
111 14
112 14
113 14
114 14
115 14
116 14
117 14
118 14
119 14
120 14
121 14
122 14
123 14
124 14
125 14
126 14
127 14
128 14
129 14
130 14
131 14
132 14
133 14
134 14
135 14
136 14
137 14
138 14
139 14
140 14
141 14
142 14
143 14
144 14
145 14
146 14
147 14
148 14
149 14
150 14
151 14
152 14
153 14
154 14
155 14
156 14
157 14
158 14
159 14
160 14
161 14
162 14
163 14
164 14
165 14
166 14
167 14
168 14
169 14
170 14
171 14
172 14
173 14
174 14
175 14
176 14
177 14
178 14
179 14
180 14
181 14
182 14
183 14
184 14
185 14
186 14
187 14
188 14
189 14
190 14
191 14
192 14
193 14
194 14
195 14
196 14
197 14
198 14
199 14
200 14
201 14
202 14
203 14
204 14
205 14
206 14
207 14
208 14
209 14
210 14
211 14
212 14
213 14
214 14
215 14
216 14
217 15
217 16
217 17
217 18
217 19
217 20
217 21
217 22
217 23
217 24
217 25
217 26
217 27
217 28
217 29
217 30
217 31
217 32
217 33
217 34
217 35
217 36
217 37
217 38
217 39
217 40
217 41
217 42
217 43
217 44
217 45
217 46
217 47
217 48
217 49
217 50
217 51
217 52
217 53
217 54
217 55
217 56
217 57
217 58
217 59
217 60
217 61
217 62
217 63
217 64
217 65
217 66
217 67
217 68
217 69
217 70
217 71
217 72
217 73
217 74
217 75
217 76
217 77
217 78
217 79
217 80
217 81
217 82
217 83
217 84
217 85
217 86
217 87
217 88
217 89
217 90
217 91
217 92
217 93
217 94
217 95
217 96
217 97
217 98
217 99
217 100
217 101
217 102
217 103
217 104
217 105
217 106
217 107
217 108
217 109
217 110
217 111
217 112
217 113
217 114
217 115
217 116
217 117
217 118
217 119
217 120
217 121
217 122
217 123
217 124
217 125
217 126
217 127
217 128
217 129
217 130
217 131
217 132
217 133
217 134
217 135
217 136
217 137
217 138
217 139
217 140
217 141
217 142
217 143
217 144
217 145
217 146
217 147
217 148
217 149
217 150
217 151
217 152
217 153
217 154
217 155
217 156
217 157
217 158
217 159
217 160
217 161
217 162
217 163
217 164
217 165
217 166
217 167
217 168
217 169
217 170
217 171
217 172
217 173
217 174
217 175
217 176
217 177
217 178
217 179
217 180
217 181
217 182
217 183
217 184
217 185
217 186
217 187
217 188
217 189
217 190
217 191
217 192
217 193
217 194
217 195
217 196
217 197
217 198
217 199
217 200
217 201
217 202
217 203
217 204
217 205
217 206
217 207
217 208
217 209
217 210
217 211
217 212
217 213
217 214
217 215
217 216
217 217
217 218
217 219
217 220
217 221
217 222
217 223
217 224
217 225
217 226
217 227
217 228
217 229
217 230
217 231
217 232
217 233
217 234
217 235
217 236
217 237
217 238
217 239
216 240
215 240
214 240
213 240
212 240
211 240
210 240
209 240
208 240
207 240
206 240
205 240
204 240
203 240
202 240
201 240
200 240
199 240
198 240
197 240
196 240
195 240
194 240
193 240
192 240
191 240
190 240
189 240
188 240
187 240
186 240
185 240
184 240
183 240
182 240
181 240
180 240
179 240
178 240
177 240
176 240
175 240
174 240
173 240
172 240
171 240
170 240
169 240
168 240
167 240
166 240
165 240
164 240
163 240
162 240
161 240
160 240
159 240
158 240
157 240
156 240
155 240
154 240
153 240
152 240
151 240
150 240
149 240
148 240
147 240
146 240
145 240
144 240
143 240
142 240
141 240
140 240
139 240
138 240
137 240
136 240
135 240
134 240
133 240
132 240
131 240
130 240
129 240
128 240
127 240
126 240
125 240
124 240
123 240
122 240
121 240
120 240
119 240
118 240
117 240
116 240
115 240
114 240
113 240
112 240
111 240
110 240
109 240
108 240
107 240
106 240
105 240
104 240
103 240
102 240
101 240
100 240
99 240
98 240
97 240
96 240
95 240
94 240
93 240
92 240
91 240
90 240
89 240
88 240
87 240
86 240
85 240
84 240
83 240
82 240
81 240
80 240
79 240
78 240
77 240
76 240
75 240
74 240
73 240
72 240
71 240
70 240
69 240
68 240
67 240
66 240
65 240
64 240
63 240
62 240
61 240
60 240
59 240
58 240
57 240
56 240
55 240
54 240
53 240
52 240
51 240
50 240
49 240
48 240
47 240
46 240
45 240
44 240
43 240
42 240
41 240
40 240
39 240
38 240
37 240
36 240
35 240
34 240
33 240
32 240
31 240
30 240
29 240
28 240
27 240
26 240
25 240
24 240
23 240
22 240
21 240
20 240
19 240
18 240
17 240
16 240
15 240
14 239
14 238
14 237
14 236
14 235
14 234
14 233
14 232
14 231
14 230
14 229
14 228
14 227
14 226
14 225
14 224
14 223
14 222
14 221
14 220
14 219
14 218
14 217
14 216
14 215
14 214
14 213
14 212
14 211
14 210
14 209
14 208
14 207
14 206
14 205
14 204
14 203
14 202
14 201
14 200
14 199
14 198
14 197
14 196
14 195
14 194
14 193
14 192
14 191
14 190
14 189
14 188
14 187
14 186
14 185
14 184
14 183
14 182
14 181
14 180
14 179
14 178
14 177
14 176
14 175
14 174
14 173
14 172
14 171
14 170
14 169
14 168
14 167
14 166
14 165
14 164
14 163
14 162
14 161
14 160
14 159
14 158
14 157
14 156
14 155
14 154
14 153
14 152
14 151
14 150
14 149
14 148
14 147
14 146
14 145
14 144
14 143
14 142
14 141
14 140
14 139
14 138
14 137
14 136
14 135
14 134
14 133
14 132
14 131
14 130
14 129
14 128
14 127
14 126
14 125
14 124
14 123
14 122
14 121
14 120
14 119
14 118
14 117
14 116
14 115
14 114
14 113
14 112
14 111
14 110
14 109
14 108
14 107
14 106
14 105
14 104
14 103
14 102
14 101
14 100
14 99
14 98
14 97
14 96
14 95
14 94
14 93
14 92
14 91
14 90
14 89
14 88
14 87
14 86
14 85
14 84
14 83
14 82
14 81
14 80
14 79
14 78
14 77
14 76
14 75
14 74
14 73
14 72
14 71
14 70
14 69
14 68
14 67
14 66
14 65
14 64
14 63
14 62
14 61
14 60
14 59
14 58
14 57
14 56
14 55
14 54
14 53
14 52
14 51
14 50
14 49
14 48
14 47
14 46
14 45
14 44
14 43
14 42
14 41
14 40
14 39
14 38
14 37
14 36
14 35
14 34
14 33
14 32
14 31
14 30
14 29
14 28
14 27
14 26
14 25
14 24
14 23
14 22
14 21
14 20
14 19
14 18
14 17
14 16
14 15
15 14
boundary 3 :
0 1
0 2
0 3
0 4
0 5
0 6
0 7
0 8
0 9
0 10
0 11
0 12
0 13
0 14
0 15
0 16
0 17
0 18
0 19
0 20
0 21
0 22
0 23
0 24
0 25
0 26
0 27
0 28
0 29
0 30
0 31
0 32
0 33
0 34
0 35
0 36
0 37
0 38
0 39
0 40
0 41
0 42
0 43
0 44
0 45
0 46
0 47
0 48
0 49
0 50
0 51
0 52
0 53
0 54
0 55
0 56
0 57
0 58
0 59
0 60
0 61
0 62
0 63
0 64
0 65
0 66
0 67
0 68
0 69
0 70
0 71
0 72
0 73
0 74
0 75
0 76
0 77
0 78
0 79
0 80
0 81
0 82
0 83
0 84
0 85
0 86
0 87
0 88
0 89
0 90
0 91
0 92
0 93
0 94
0 95
0 96
0 97
0 98
0 99
0 100
0 101
0 102
0 103
0 104
0 105
0 106
0 107
0 108
0 109
0 110
0 111
0 112
0 113
0 114
0 115
0 116
0 117
0 118
0 119
0 120
0 121
0 122
0 123
0 124
0 125
0 126
0 127
0 128
0 129
0 130
0 131
0 132
0 133
0 134
0 135
0 136
0 137
0 138
0 139
0 140
0 141
0 142
0 143
0 144
0 145
0 146
0 147
0 148
0 149
0 150
0 151
0 152
0 153
0 154
0 155
0 156
0 157
0 158
0 159
0 160
0 161
0 162
0 163
0 164
0 165
0 166
0 167
0 168
0 169
0 170
0 171
0 172
0 173
0 174
0 175
0 176
0 177
0 178
0 179
0 180
0 181
0 182
0 183
0 184
0 185
0 186
0 187
0 188
0 189
0 190
0 191
0 192
0 193
0 194
0 195
0 196
0 197
0 198
0 199
0 200
0 201
0 202
0 203
0 204
0 205
0 206
0 207
0 208
0 209
0 210
0 211
0 212
0 213
0 214
0 215
0 216
0 217
0 218
0 219
0 220
0 221
0 222
0 223
0 224
0 225
0 226
0 227
0 228
0 229
0 230
0 231
0 232
0 233
0 234
0 235
0 236
0 237
0 238
0 239
0 240
0 241
0 242
0 243
0 244
0 245
0 246
0 247
0 248
0 249
1 249
2 249
3 249
4 249
5 249
6 249
7 249
8 249
9 249
10 249
11 249
12 249
13 249
14 249
15 249
16 249
17 249
18 249
19 249
20 249
21 249
22 249
23 249
24 249
25 249
26 249
27 249
28 249
29 249
30 249
31 249
32 249
33 249
34 249
35 249
36 249
37 249
38 249
39 249
40 249
41 249
42 249
43 249
44 249
45 249
46 249
47 249
48 249
49 249
50 249
51 249
52 249
53 249
54 249
55 249
56 249
57 249
58 249
59 249
60 249
61 249
62 249
63 249
64 249
65 249
66 249
67 249
68 249
69 249
70 249
71 249
72 249
73 249
74 249
75 249
76 249
77 249
78 249
79 249
80 249
81 249
82 249
83 249
84 249
85 249
86 249
87 249
88 249
89 249
90 249
91 249
92 249
93 249
94 249
95 249
96 249
97 249
98 249
99 249
100 249
101 249
102 249
103 249
104 249
105 249
106 249
107 249
108 249
109 249
110 249
111 249
112 249
113 249
114 249
115 249
116 249
117 249
118 249
119 249
120 249
121 249
122 249
123 249
124 249
125 249
126 249
127 249
128 249
129 249
130 249
131 249
132 249
133 249
134 249
135 249
136 249
137 249
138 249
139 249
140 249
141 249
142 249
143 249
144 249
145 249
146 249
147 249
148 249
149 249
150 249
151 249
152 249
153 249
154 249
155 249
156 249
157 249
158 249
159 249
160 249
161 249
162 249
163 249
164 249
165 249
166 249
167 249
168 249
169 249
170 249
171 249
172 249
173 249
174 249
175 249
176 249
177 249
178 249
179 249
180 249
181 249
182 249
183 249
184 249
185 249
186 249
187 249
188 249
189 249
190 249
191 249
192 249
193 249
194 249
195 249
196 249
197 249
198 249
199 249
200 249
201 249
202 249
203 249
204 249
205 249
206 249
207 249
208 249
209 249
210 249
211 249
212 249
213 249
214 249
215 249
216 249
217 249
218 249
219 249
220 249
221 249
222 249
223 249
224 249
225 249
226 249
227 249
228 249
229 249
230 249
231 249
232 249
233 249
234 249
235 249
236 249
237 249
238 249
239 249
240 249
241 249
242 249
243 249
244 249
245 249
246 249
247 249
248 249
249 249
249 248
249 247
249 246
249 245
249 244
249 243
249 242
249 241
249 240
249 239
249 238
249 237
249 236
249 235
249 234
249 233
249 232
249 231
249 230
249 229
249 228
249 227
249 226
249 225
249 224
249 223
249 222
249 221
249 220
249 219
249 218
249 217
249 216
249 215
249 214
249 213
249 212
249 211
249 210
249 209
249 208
249 207
249 206
249 205
249 204
249 203
249 202
249 201
249 200
249 199
249 198
249 197
249 196
249 195
249 194
249 193
249 192
249 191
249 190
249 189
249 188
249 187
249 186
249 185
249 184
249 183
249 182
249 181
249 180
249 179
249 178
249 177
249 176
249 175
249 174
249 173
249 172
249 171
249 170
249 169
249 168
249 167
249 166
249 165
249 164
249 163
249 162
249 161
249 160
249 159
249 158
249 157
249 156
249 155
249 154
249 153
249 152
249 151
249 150
249 149
249 148
249 147
249 146
249 145
249 144
249 143
249 142
249 141
249 140
249 139
249 138
249 137
249 136
249 135
249 134
249 133
249 132
249 131
249 130
249 129
249 128
249 127
249 126
249 125
249 124
249 123
249 122
249 121
249 120
249 119
249 118
249 117
249 116
249 115
249 114
249 113
249 112
249 111
249 110
249 109
249 108
249 107
249 106
249 105
249 104
249 103
249 102
249 101
249 100
249 99
249 98
249 97
249 96
249 95
249 94
249 93
249 92
249 91
249 90
249 89
249 88
249 87
249 86
249 85
249 84
249 83
249 82
249 81
249 80
249 79
249 78
249 77
249 76
249 75
249 74
249 73
249 72
249 71
249 70
249 69
249 68
249 67
249 66
249 65
249 64
249 63
249 62
249 61
249 60
249 59
249 58
249 57
249 56
249 55
249 54
249 53
249 52
249 51
249 50
249 49
249 48
249 47
249 46
249 45
249 44
249 43
249 42
249 41
249 40
249 39
249 38
249 37
249 36
249 35
249 34
249 33
249 32
249 31
249 30
249 29
249 28
249 27
249 26
249 25
249 24
249 23
249 22
249 21
249 20
249 19
249 18
249 17
249 16
249 15
249 14
249 13
249 12
249 11
249 10
249 9
249 8
249 7
249 6
249 5
249 4
249 3
249 2
249 1
249 0
248 0
247 0
246 0
245 0
244 0
243 0
242 0
241 0
240 0
239 0
238 0
237 0
236 0
235 0
234 0
233 0
232 0
231 0
230 0
229 0
228 0
227 0
226 0
225 0
224 0
223 0
222 0
221 0
220 0
219 0
218 0
217 0
216 0
215 0
214 0
213 0
212 0
211 0
210 0
209 0
208 0
207 0
206 0
205 0
204 0
203 0
202 0
201 0
200 0
199 0
198 0
197 0
196 0
195 0
194 0
193 0
192 0
191 0
190 0
189 0
188 0
187 0
186 0
185 0
184 0
183 0
182 0
181 0
180 0
179 0
178 0
177 0
176 0
175 0
174 0
173 0
172 0
171 0
170 0
169 0
168 0
167 0
166 0
165 0
164 0
163 0
162 0
161 0
160 0
159 0
158 0
157 0
156 0
155 0
154 0
153 0
152 0
151 0
150 0
149 0
148 0
147 0
146 0
145 0
144 0
143 0
142 0
141 0
140 0
139 0
138 0
137 0
136 0
135 0
134 0
133 0
132 0
131 0
130 0
129 0
128 0
127 0
126 0
125 0
124 0
123 0
122 0
121 0
120 0
119 0
118 0
117 0
116 0
115 0
114 0
113 0
112 0
111 0
110 0
109 0
108 0
107 0
106 0
105 0
104 0
103 0
102 0
101 0
100 0
99 0
98 0
97 0
96 0
95 0
94 0
93 0
92 0
91 0
90 0
89 0
88 0
87 0
86 0
85 0
84 0
83 0
82 0
81 0
80 0
79 0
78 0
77 0
76 0
75 0
74 0
73 0
72 0
71 0
70 0
69 0
68 0
67 0
66 0
65 0
64 0
63 0
62 0
61 0
60 0
59 0
58 0
57 0
56 0
55 0
54 0
53 0
52 0
51 0
50 0
49 0
48 0
47 0
46 0
45 0
44 0
43 0
42 0
41 0
40 0
39 0
38 0
37 0
36 0
35 0
34 0
33 0
32 0
31 0
30 0
29 0
28 0
27 0
26 0
25 0
24 0
23 0
22 0
21 0
20 0
19 0
18 0
17 0
16 0
15 0
14 0
13 0
12 0
11 0
10 0
9 0
8 0
7 0
6 0
5 0
4 0
3 0
2 0
1 0
0 0
